7.960000000000000000e+02
8.390000000000000000e+02
8.710000000000000000e+02
8.220000000000000000e+02
7.850000000000000000e+02
8.090000000000000000e+02
7.750000000000000000e+02
8.070000000000000000e+02
8.360000000000000000e+02
8.310000000000000000e+02
7.870000000000000000e+02
8.270000000000000000e+02
7.830000000000000000e+02
8.300000000000000000e+02
8.260000000000000000e+02
8.090000000000000000e+02
8.410000000000000000e+02
8.300000000000000000e+02
8.420000000000000000e+02
8.550000000000000000e+02
8.180000000000000000e+02
8.010000000000000000e+02
8.260000000000000000e+02
8.140000000000000000e+02
7.940000000000000000e+02
8.630000000000000000e+02
8.370000000000000000e+02
8.440000000000000000e+02
8.540000000000000000e+02
8.130000000000000000e+02
7.950000000000000000e+02
8.170000000000000000e+02
8.480000000000000000e+02
8.400000000000000000e+02
1.271000000000000000e+03
1.868000000000000000e+03
2.055000000000000000e+03
2.078000000000000000e+03
2.096000000000000000e+03
2.085000000000000000e+03
2.073000000000000000e+03
2.059000000000000000e+03
2.084000000000000000e+03
2.098000000000000000e+03
2.141000000000000000e+03
2.071000000000000000e+03
2.088000000000000000e+03
2.047000000000000000e+03
2.161000000000000000e+03
2.102000000000000000e+03
2.050000000000000000e+03
2.087000000000000000e+03
2.142000000000000000e+03
2.149000000000000000e+03
2.124000000000000000e+03
2.142000000000000000e+03
2.078000000000000000e+03
2.025000000000000000e+03
2.094000000000000000e+03
2.074000000000000000e+03
2.016000000000000000e+03
2.103000000000000000e+03
2.100000000000000000e+03
2.024000000000000000e+03
2.018000000000000000e+03
2.162000000000000000e+03
2.149000000000000000e+03
2.005000000000000000e+03
2.054000000000000000e+03
2.037000000000000000e+03
2.063000000000000000e+03
2.054000000000000000e+03
2.066000000000000000e+03
2.096000000000000000e+03
2.119000000000000000e+03
2.154000000000000000e+03
2.077000000000000000e+03
2.097000000000000000e+03
4.100000000000000000e+03
2.165300000000000000e+04
2.729800000000000000e+04
2.659500000000000000e+04
2.683000000000000000e+04
2.639300000000000000e+04
2.647100000000000000e+04
2.615000000000000000e+04
2.635200000000000000e+04
2.580200000000000000e+04
2.586400000000000000e+04
2.632100000000000000e+04
2.637100000000000000e+04
2.574200000000000000e+04
2.595900000000000000e+04
2.576300000000000000e+04
2.598200000000000000e+04
2.556500000000000000e+04
2.571600000000000000e+04
2.566900000000000000e+04
2.560500000000000000e+04
2.565200000000000000e+04
2.541900000000000000e+04
2.508300000000000000e+04
2.531600000000000000e+04
2.506000000000000000e+04
2.508500000000000000e+04
2.502000000000000000e+04
2.520800000000000000e+04
2.523500000000000000e+04
2.497200000000000000e+04
2.491800000000000000e+04
2.460900000000000000e+04
2.452700000000000000e+04
2.479300000000000000e+04
2.451900000000000000e+04
2.469900000000000000e+04
2.437400000000000000e+04
2.462900000000000000e+04
2.438600000000000000e+04
2.440800000000000000e+04
2.444000000000000000e+04
2.408400000000000000e+04
2.385200000000000000e+04
2.403800000000000000e+04
2.398600000000000000e+04
2.393600000000000000e+04
2.370700000000000000e+04
2.386500000000000000e+04
2.360000000000000000e+04
2.364100000000000000e+04
2.344700000000000000e+04
2.394500000000000000e+04
2.326300000000000000e+04
2.337200000000000000e+04
2.357600000000000000e+04
2.312700000000000000e+04
2.337100000000000000e+04
2.316800000000000000e+04
2.319900000000000000e+04
2.328800000000000000e+04
2.328100000000000000e+04
2.304900000000000000e+04
2.304900000000000000e+04
2.294300000000000000e+04
2.294000000000000000e+04
2.238900000000000000e+04
2.256600000000000000e+04
2.257000000000000000e+04
2.234600000000000000e+04
2.242300000000000000e+04
2.205500000000000000e+04
2.248700000000000000e+04
2.223000000000000000e+04
2.232800000000000000e+04
2.242000000000000000e+04
2.234700000000000000e+04
2.241700000000000000e+04
2.209400000000000000e+04
2.212100000000000000e+04
2.195500000000000000e+04
2.173100000000000000e+04
2.146800000000000000e+04
2.118400000000000000e+04
1.990700000000000000e+04
1.427800000000000000e+04
5.631000000000000000e+03
1.315000000000000000e+03
6.010000000000000000e+02
6.130000000000000000e+02
6.580000000000000000e+02
6.250000000000000000e+02
7.150000000000000000e+02
6.460000000000000000e+02
6.550000000000000000e+02
6.400000000000000000e+02
6.400000000000000000e+02
6.610000000000000000e+02
6.500000000000000000e+02
6.590000000000000000e+02
6.880000000000000000e+02
6.550000000000000000e+02
6.530000000000000000e+02
6.770000000000000000e+02
6.570000000000000000e+02
6.730000000000000000e+02
7.380000000000000000e+02
6.860000000000000000e+02
7.150000000000000000e+02
7.160000000000000000e+02
6.680000000000000000e+02
6.930000000000000000e+02
7.270000000000000000e+02
7.000000000000000000e+02
6.990000000000000000e+02
7.040000000000000000e+02
7.260000000000000000e+02
7.180000000000000000e+02
6.900000000000000000e+02
7.260000000000000000e+02
7.040000000000000000e+02
7.040000000000000000e+02
7.180000000000000000e+02
7.120000000000000000e+02
6.920000000000000000e+02
7.090000000000000000e+02
7.560000000000000000e+02
7.270000000000000000e+02
7.640000000000000000e+02
6.950000000000000000e+02
7.170000000000000000e+02
6.730000000000000000e+02
7.740000000000000000e+02
6.990000000000000000e+02
7.540000000000000000e+02
7.480000000000000000e+02
7.520000000000000000e+02
7.770000000000000000e+02
7.830000000000000000e+02
7.400000000000000000e+02
7.180000000000000000e+02
8.060000000000000000e+02
7.710000000000000000e+02
7.430000000000000000e+02
7.330000000000000000e+02
7.390000000000000000e+02
7.940000000000000000e+02
7.750000000000000000e+02
7.730000000000000000e+02
7.350000000000000000e+02
7.510000000000000000e+02
8.140000000000000000e+02
7.690000000000000000e+02
7.480000000000000000e+02
7.790000000000000000e+02
8.090000000000000000e+02
7.730000000000000000e+02
8.040000000000000000e+02
7.840000000000000000e+02
8.050000000000000000e+02
7.710000000000000000e+02
7.840000000000000000e+02
7.960000000000000000e+02
8.440000000000000000e+02
8.060000000000000000e+02
7.990000000000000000e+02
8.400000000000000000e+02
8.290000000000000000e+02
7.830000000000000000e+02
8.200000000000000000e+02
8.260000000000000000e+02
7.700000000000000000e+02
7.950000000000000000e+02
8.250000000000000000e+02
8.350000000000000000e+02
8.360000000000000000e+02
7.770000000000000000e+02
8.550000000000000000e+02
8.860000000000000000e+02
7.920000000000000000e+02
8.080000000000000000e+02
8.200000000000000000e+02
7.880000000000000000e+02
8.070000000000000000e+02
8.200000000000000000e+02
8.260000000000000000e+02
8.130000000000000000e+02
8.200000000000000000e+02
7.830000000000000000e+02
9.090000000000000000e+02
8.230000000000000000e+02
8.700000000000000000e+02
8.690000000000000000e+02
8.280000000000000000e+02
8.470000000000000000e+02
7.700000000000000000e+02
8.200000000000000000e+02
8.210000000000000000e+02
8.090000000000000000e+02
8.100000000000000000e+02
8.200000000000000000e+02
7.950000000000000000e+02
8.350000000000000000e+02
8.270000000000000000e+02
8.510000000000000000e+02
8.280000000000000000e+02
8.590000000000000000e+02
7.850000000000000000e+02
8.530000000000000000e+02
8.460000000000000000e+02
7.950000000000000000e+02
8.180000000000000000e+02
8.390000000000000000e+02
8.400000000000000000e+02
8.240000000000000000e+02
8.150000000000000000e+02
8.080000000000000000e+02
8.480000000000000000e+02
8.030000000000000000e+02
8.470000000000000000e+02
8.320000000000000000e+02
7.890000000000000000e+02
8.610000000000000000e+02
8.230000000000000000e+02
8.290000000000000000e+02
8.060000000000000000e+02
7.880000000000000000e+02
8.230000000000000000e+02
8.400000000000000000e+02
8.200000000000000000e+02
8.210000000000000000e+02
8.120000000000000000e+02
7.660000000000000000e+02
8.240000000000000000e+02
8.160000000000000000e+02
8.140000000000000000e+02
8.370000000000000000e+02
8.570000000000000000e+02
7.700000000000000000e+02
8.230000000000000000e+02
8.480000000000000000e+02
8.290000000000000000e+02
7.980000000000000000e+02
7.910000000000000000e+02
8.300000000000000000e+02
7.870000000000000000e+02
8.190000000000000000e+02
7.790000000000000000e+02
7.900000000000000000e+02
8.420000000000000000e+02
8.410000000000000000e+02
8.340000000000000000e+02
8.030000000000000000e+02
8.360000000000000000e+02
8.300000000000000000e+02
8.420000000000000000e+02
8.160000000000000000e+02
8.020000000000000000e+02
8.280000000000000000e+02
8.120000000000000000e+02
7.590000000000000000e+02
8.390000000000000000e+02
8.450000000000000000e+02
8.310000000000000000e+02
8.300000000000000000e+02
8.080000000000000000e+02
8.330000000000000000e+02
8.030000000000000000e+02
8.510000000000000000e+02
7.820000000000000000e+02
7.770000000000000000e+02
8.260000000000000000e+02
8.140000000000000000e+02
7.970000000000000000e+02
7.870000000000000000e+02
8.190000000000000000e+02
8.190000000000000000e+02
8.190000000000000000e+02
7.980000000000000000e+02
8.080000000000000000e+02
8.210000000000000000e+02
8.190000000000000000e+02
8.220000000000000000e+02
8.200000000000000000e+02
8.570000000000000000e+02
8.340000000000000000e+02
8.090000000000000000e+02
8.270000000000000000e+02
8.040000000000000000e+02
8.130000000000000000e+02
8.680000000000000000e+02
8.620000000000000000e+02
8.500000000000000000e+02
8.320000000000000000e+02
8.050000000000000000e+02
8.780000000000000000e+02
8.610000000000000000e+02
8.280000000000000000e+02
7.680000000000000000e+02
8.240000000000000000e+02
8.160000000000000000e+02
8.020000000000000000e+02
8.340000000000000000e+02
8.460000000000000000e+02
8.120000000000000000e+02
7.910000000000000000e+02
7.970000000000000000e+02
8.850000000000000000e+02
8.310000000000000000e+02
7.520000000000000000e+02
8.390000000000000000e+02
8.080000000000000000e+02
8.170000000000000000e+02
8.590000000000000000e+02
8.220000000000000000e+02
8.280000000000000000e+02
8.450000000000000000e+02
8.400000000000000000e+02
8.230000000000000000e+02
8.190000000000000000e+02
7.830000000000000000e+02
7.710000000000000000e+02
8.530000000000000000e+02
8.510000000000000000e+02
7.940000000000000000e+02
8.410000000000000000e+02
8.260000000000000000e+02
8.030000000000000000e+02
8.220000000000000000e+02
8.410000000000000000e+02
7.890000000000000000e+02
7.890000000000000000e+02
8.270000000000000000e+02
8.200000000000000000e+02
8.510000000000000000e+02
8.050000000000000000e+02
8.450000000000000000e+02
8.130000000000000000e+02
8.190000000000000000e+02
7.930000000000000000e+02
8.330000000000000000e+02
8.310000000000000000e+02
8.630000000000000000e+02
8.270000000000000000e+02
8.640000000000000000e+02
8.030000000000000000e+02
7.980000000000000000e+02
8.670000000000000000e+02
7.710000000000000000e+02
8.460000000000000000e+02
7.950000000000000000e+02
8.150000000000000000e+02
7.990000000000000000e+02
7.830000000000000000e+02
7.820000000000000000e+02
7.940000000000000000e+02
8.390000000000000000e+02
7.990000000000000000e+02
8.000000000000000000e+02
7.710000000000000000e+02
7.990000000000000000e+02
8.070000000000000000e+02
7.790000000000000000e+02
8.340000000000000000e+02
8.660000000000000000e+02
8.000000000000000000e+02
8.020000000000000000e+02
7.960000000000000000e+02
7.840000000000000000e+02
7.930000000000000000e+02
8.020000000000000000e+02
7.940000000000000000e+02
8.160000000000000000e+02
7.920000000000000000e+02
8.230000000000000000e+02
8.060000000000000000e+02
8.260000000000000000e+02
8.090000000000000000e+02
7.780000000000000000e+02
8.000000000000000000e+02
8.140000000000000000e+02
8.170000000000000000e+02
7.910000000000000000e+02
8.530000000000000000e+02
8.060000000000000000e+02
7.570000000000000000e+02
8.030000000000000000e+02
8.020000000000000000e+02
8.020000000000000000e+02
8.430000000000000000e+02
7.760000000000000000e+02
8.090000000000000000e+02
8.710000000000000000e+02
8.320000000000000000e+02
8.220000000000000000e+02
8.420000000000000000e+02
7.990000000000000000e+02
7.890000000000000000e+02
8.020000000000000000e+02
8.520000000000000000e+02
8.420000000000000000e+02
8.180000000000000000e+02
8.130000000000000000e+02
8.030000000000000000e+02
8.360000000000000000e+02
8.350000000000000000e+02
8.510000000000000000e+02
8.070000000000000000e+02
7.850000000000000000e+02
8.190000000000000000e+02
8.240000000000000000e+02
8.030000000000000000e+02
8.390000000000000000e+02
8.390000000000000000e+02
7.860000000000000000e+02
8.160000000000000000e+02
8.030000000000000000e+02
8.270000000000000000e+02
8.050000000000000000e+02
8.240000000000000000e+02
8.200000000000000000e+02
8.210000000000000000e+02
8.390000000000000000e+02
8.120000000000000000e+02
7.980000000000000000e+02
7.490000000000000000e+02
8.540000000000000000e+02
8.770000000000000000e+02
8.520000000000000000e+02
8.240000000000000000e+02
8.300000000000000000e+02
8.010000000000000000e+02
8.340000000000000000e+02
8.730000000000000000e+02
8.460000000000000000e+02
8.390000000000000000e+02
8.680000000000000000e+02
8.690000000000000000e+02
7.810000000000000000e+02
8.040000000000000000e+02
8.260000000000000000e+02
7.740000000000000000e+02
8.250000000000000000e+02
7.870000000000000000e+02
8.380000000000000000e+02
8.080000000000000000e+02
8.720000000000000000e+02
7.750000000000000000e+02
8.100000000000000000e+02
8.340000000000000000e+02
8.450000000000000000e+02
7.970000000000000000e+02
8.270000000000000000e+02
8.200000000000000000e+02
7.900000000000000000e+02
8.020000000000000000e+02
7.960000000000000000e+02
8.570000000000000000e+02
8.470000000000000000e+02
9.040000000000000000e+02
7.890000000000000000e+02
7.730000000000000000e+02
8.170000000000000000e+02
8.660000000000000000e+02
8.330000000000000000e+02
7.740000000000000000e+02
8.010000000000000000e+02
8.610000000000000000e+02
8.100000000000000000e+02
8.050000000000000000e+02
8.500000000000000000e+02
7.610000000000000000e+02
7.880000000000000000e+02
8.380000000000000000e+02
8.150000000000000000e+02
8.080000000000000000e+02
8.170000000000000000e+02
8.300000000000000000e+02
8.720000000000000000e+02
8.270000000000000000e+02
8.440000000000000000e+02
7.940000000000000000e+02
8.270000000000000000e+02
8.140000000000000000e+02
8.700000000000000000e+02
8.120000000000000000e+02
8.140000000000000000e+02
7.970000000000000000e+02
8.350000000000000000e+02
8.540000000000000000e+02
8.140000000000000000e+02
8.330000000000000000e+02
8.280000000000000000e+02
7.810000000000000000e+02
8.480000000000000000e+02
8.460000000000000000e+02
8.650000000000000000e+02
7.880000000000000000e+02
8.000000000000000000e+02
8.610000000000000000e+02
8.220000000000000000e+02
8.060000000000000000e+02
7.950000000000000000e+02
8.210000000000000000e+02
8.270000000000000000e+02
7.730000000000000000e+02
7.580000000000000000e+02
8.180000000000000000e+02
7.800000000000000000e+02
8.200000000000000000e+02
7.980000000000000000e+02
7.670000000000000000e+02
7.510000000000000000e+02
8.060000000000000000e+02
8.390000000000000000e+02
8.660000000000000000e+02
8.110000000000000000e+02
7.830000000000000000e+02
7.400000000000000000e+02
8.370000000000000000e+02
8.510000000000000000e+02
8.590000000000000000e+02
8.530000000000000000e+02
8.590000000000000000e+02
7.940000000000000000e+02
8.140000000000000000e+02
8.000000000000000000e+02
8.290000000000000000e+02
8.340000000000000000e+02
8.610000000000000000e+02
8.210000000000000000e+02
8.690000000000000000e+02
7.980000000000000000e+02
8.400000000000000000e+02
8.270000000000000000e+02
8.590000000000000000e+02
7.930000000000000000e+02
8.710000000000000000e+02
7.930000000000000000e+02
8.240000000000000000e+02
7.740000000000000000e+02
8.350000000000000000e+02
8.110000000000000000e+02
8.500000000000000000e+02
7.930000000000000000e+02
8.240000000000000000e+02
8.430000000000000000e+02
8.220000000000000000e+02
7.980000000000000000e+02
8.100000000000000000e+02
8.850000000000000000e+02
8.040000000000000000e+02
8.210000000000000000e+02
8.180000000000000000e+02
8.580000000000000000e+02
8.280000000000000000e+02
8.270000000000000000e+02
7.870000000000000000e+02
8.140000000000000000e+02
8.280000000000000000e+02
8.100000000000000000e+02
8.110000000000000000e+02
8.150000000000000000e+02
8.600000000000000000e+02
8.060000000000000000e+02
7.900000000000000000e+02
7.950000000000000000e+02
8.160000000000000000e+02
8.030000000000000000e+02
8.420000000000000000e+02
8.140000000000000000e+02
8.500000000000000000e+02
7.840000000000000000e+02
8.000000000000000000e+02
8.430000000000000000e+02
8.370000000000000000e+02
7.980000000000000000e+02
7.940000000000000000e+02
7.800000000000000000e+02
7.990000000000000000e+02
8.080000000000000000e+02
8.100000000000000000e+02
8.090000000000000000e+02
8.460000000000000000e+02
8.410000000000000000e+02
7.780000000000000000e+02
8.310000000000000000e+02
8.070000000000000000e+02
7.830000000000000000e+02
8.440000000000000000e+02
8.100000000000000000e+02
8.120000000000000000e+02
8.000000000000000000e+02
8.400000000000000000e+02
7.920000000000000000e+02
8.150000000000000000e+02
8.100000000000000000e+02
8.440000000000000000e+02
8.550000000000000000e+02
8.120000000000000000e+02
7.990000000000000000e+02
8.000000000000000000e+02
7.690000000000000000e+02
7.280000000000000000e+02
8.110000000000000000e+02
7.930000000000000000e+02
8.330000000000000000e+02
8.260000000000000000e+02
8.210000000000000000e+02
8.320000000000000000e+02
8.280000000000000000e+02
7.510000000000000000e+02
8.310000000000000000e+02
7.730000000000000000e+02
8.510000000000000000e+02
8.290000000000000000e+02
8.140000000000000000e+02
8.730000000000000000e+02
8.080000000000000000e+02
7.800000000000000000e+02
7.970000000000000000e+02
8.340000000000000000e+02
8.050000000000000000e+02
7.910000000000000000e+02
8.010000000000000000e+02
8.140000000000000000e+02
8.580000000000000000e+02
8.570000000000000000e+02
7.510000000000000000e+02
8.250000000000000000e+02
8.350000000000000000e+02
8.560000000000000000e+02
7.690000000000000000e+02
8.680000000000000000e+02
7.910000000000000000e+02
8.390000000000000000e+02
8.130000000000000000e+02
8.460000000000000000e+02
8.460000000000000000e+02
8.070000000000000000e+02
7.880000000000000000e+02
8.340000000000000000e+02
8.290000000000000000e+02
8.020000000000000000e+02
7.960000000000000000e+02
8.040000000000000000e+02
7.890000000000000000e+02
7.930000000000000000e+02
8.100000000000000000e+02
7.760000000000000000e+02
8.730000000000000000e+02
8.280000000000000000e+02
8.330000000000000000e+02
8.210000000000000000e+02
7.840000000000000000e+02
8.290000000000000000e+02
8.330000000000000000e+02
8.020000000000000000e+02
7.850000000000000000e+02
8.540000000000000000e+02
8.240000000000000000e+02
8.100000000000000000e+02
7.960000000000000000e+02
8.620000000000000000e+02
8.290000000000000000e+02
8.240000000000000000e+02
8.590000000000000000e+02
8.020000000000000000e+02
7.890000000000000000e+02
8.390000000000000000e+02
8.320000000000000000e+02
7.790000000000000000e+02
8.300000000000000000e+02
8.210000000000000000e+02
7.960000000000000000e+02
7.660000000000000000e+02
7.900000000000000000e+02
8.670000000000000000e+02
7.850000000000000000e+02
8.020000000000000000e+02
8.380000000000000000e+02
8.680000000000000000e+02
8.440000000000000000e+02
7.890000000000000000e+02
8.130000000000000000e+02
7.950000000000000000e+02
8.300000000000000000e+02
8.080000000000000000e+02
8.090000000000000000e+02
7.840000000000000000e+02
7.790000000000000000e+02
8.110000000000000000e+02
8.040000000000000000e+02
8.110000000000000000e+02
8.210000000000000000e+02
8.510000000000000000e+02
8.230000000000000000e+02
7.780000000000000000e+02
8.460000000000000000e+02
8.240000000000000000e+02
8.130000000000000000e+02
8.070000000000000000e+02
8.030000000000000000e+02
8.590000000000000000e+02
8.470000000000000000e+02
7.970000000000000000e+02
8.300000000000000000e+02
8.340000000000000000e+02
8.860000000000000000e+02
8.150000000000000000e+02
8.200000000000000000e+02
8.100000000000000000e+02
8.490000000000000000e+02
8.770000000000000000e+02
7.780000000000000000e+02
8.700000000000000000e+02
8.580000000000000000e+02
8.330000000000000000e+02
8.400000000000000000e+02
8.160000000000000000e+02
8.580000000000000000e+02
7.880000000000000000e+02
8.420000000000000000e+02
7.980000000000000000e+02
7.980000000000000000e+02
8.240000000000000000e+02
8.500000000000000000e+02
7.800000000000000000e+02
7.630000000000000000e+02
8.360000000000000000e+02
8.340000000000000000e+02
7.800000000000000000e+02
7.700000000000000000e+02
7.730000000000000000e+02
8.190000000000000000e+02
7.870000000000000000e+02
8.170000000000000000e+02
7.890000000000000000e+02
8.360000000000000000e+02
8.260000000000000000e+02
8.190000000000000000e+02
8.120000000000000000e+02
8.110000000000000000e+02
8.290000000000000000e+02
8.650000000000000000e+02
8.480000000000000000e+02
8.270000000000000000e+02
8.000000000000000000e+02
8.180000000000000000e+02
8.200000000000000000e+02
8.390000000000000000e+02
7.710000000000000000e+02
8.650000000000000000e+02
8.570000000000000000e+02
8.090000000000000000e+02
8.490000000000000000e+02
8.310000000000000000e+02
8.180000000000000000e+02
7.830000000000000000e+02
7.950000000000000000e+02
8.340000000000000000e+02
8.430000000000000000e+02
8.610000000000000000e+02
7.880000000000000000e+02
8.000000000000000000e+02
7.300000000000000000e+02
8.630000000000000000e+02
7.740000000000000000e+02
8.550000000000000000e+02
7.750000000000000000e+02
7.780000000000000000e+02
8.230000000000000000e+02
8.620000000000000000e+02
8.140000000000000000e+02
8.170000000000000000e+02
8.070000000000000000e+02
8.400000000000000000e+02
8.060000000000000000e+02
8.030000000000000000e+02
8.050000000000000000e+02
8.290000000000000000e+02
7.710000000000000000e+02
7.970000000000000000e+02
8.670000000000000000e+02
8.030000000000000000e+02
8.420000000000000000e+02
8.220000000000000000e+02
7.950000000000000000e+02
8.380000000000000000e+02
8.830000000000000000e+02
7.870000000000000000e+02
8.290000000000000000e+02
8.230000000000000000e+02
8.360000000000000000e+02
8.470000000000000000e+02
8.440000000000000000e+02
8.430000000000000000e+02
8.180000000000000000e+02
8.350000000000000000e+02
8.260000000000000000e+02
8.430000000000000000e+02
7.800000000000000000e+02
8.530000000000000000e+02
8.540000000000000000e+02
8.340000000000000000e+02
7.920000000000000000e+02
8.170000000000000000e+02
7.850000000000000000e+02
8.390000000000000000e+02
8.330000000000000000e+02
8.800000000000000000e+02
8.510000000000000000e+02
8.270000000000000000e+02
8.120000000000000000e+02
8.290000000000000000e+02
8.170000000000000000e+02
8.230000000000000000e+02
8.040000000000000000e+02
8.240000000000000000e+02
8.610000000000000000e+02
8.420000000000000000e+02
8.400000000000000000e+02
7.820000000000000000e+02
8.280000000000000000e+02
7.820000000000000000e+02
8.370000000000000000e+02
8.190000000000000000e+02
7.880000000000000000e+02
8.430000000000000000e+02
7.900000000000000000e+02
8.050000000000000000e+02
8.040000000000000000e+02
8.000000000000000000e+02
8.330000000000000000e+02
7.660000000000000000e+02
8.060000000000000000e+02
7.980000000000000000e+02
7.850000000000000000e+02
8.430000000000000000e+02
7.610000000000000000e+02
8.780000000000000000e+02
8.130000000000000000e+02
8.470000000000000000e+02
7.970000000000000000e+02
7.800000000000000000e+02
8.410000000000000000e+02
7.800000000000000000e+02
7.580000000000000000e+02
8.520000000000000000e+02
8.560000000000000000e+02
7.820000000000000000e+02
8.280000000000000000e+02
8.200000000000000000e+02
8.340000000000000000e+02
7.840000000000000000e+02
8.540000000000000000e+02
8.050000000000000000e+02
7.710000000000000000e+02
8.480000000000000000e+02
8.630000000000000000e+02
8.240000000000000000e+02
8.010000000000000000e+02
7.920000000000000000e+02
8.260000000000000000e+02
8.720000000000000000e+02
8.830000000000000000e+02
8.050000000000000000e+02
7.850000000000000000e+02
7.910000000000000000e+02
8.310000000000000000e+02
8.260000000000000000e+02
8.480000000000000000e+02
8.350000000000000000e+02
8.220000000000000000e+02
8.000000000000000000e+02
8.290000000000000000e+02
8.390000000000000000e+02
8.280000000000000000e+02
8.060000000000000000e+02
8.310000000000000000e+02
8.400000000000000000e+02
7.880000000000000000e+02
8.350000000000000000e+02
7.830000000000000000e+02
8.280000000000000000e+02
8.310000000000000000e+02
8.130000000000000000e+02
8.090000000000000000e+02
8.770000000000000000e+02
8.210000000000000000e+02
8.480000000000000000e+02
8.510000000000000000e+02
7.520000000000000000e+02
7.900000000000000000e+02
8.280000000000000000e+02
7.950000000000000000e+02
8.720000000000000000e+02
8.470000000000000000e+02
8.180000000000000000e+02
7.710000000000000000e+02
8.340000000000000000e+02
8.180000000000000000e+02
8.690000000000000000e+02
8.160000000000000000e+02
8.430000000000000000e+02
8.360000000000000000e+02
8.150000000000000000e+02
8.380000000000000000e+02
8.630000000000000000e+02
7.790000000000000000e+02
8.020000000000000000e+02
8.610000000000000000e+02
8.100000000000000000e+02
7.870000000000000000e+02
8.280000000000000000e+02
7.510000000000000000e+02
8.130000000000000000e+02
8.740000000000000000e+02
8.340000000000000000e+02
8.180000000000000000e+02
8.080000000000000000e+02
8.810000000000000000e+02
8.180000000000000000e+02
8.150000000000000000e+02
8.300000000000000000e+02
8.260000000000000000e+02
8.040000000000000000e+02
8.210000000000000000e+02
8.160000000000000000e+02
8.230000000000000000e+02
8.400000000000000000e+02
7.790000000000000000e+02
8.030000000000000000e+02
8.030000000000000000e+02
8.280000000000000000e+02
7.990000000000000000e+02
8.700000000000000000e+02
7.770000000000000000e+02
7.760000000000000000e+02
8.160000000000000000e+02
7.810000000000000000e+02
8.060000000000000000e+02
7.650000000000000000e+02
8.280000000000000000e+02
8.190000000000000000e+02
8.460000000000000000e+02
8.160000000000000000e+02
7.740000000000000000e+02
7.570000000000000000e+02
8.620000000000000000e+02
8.180000000000000000e+02
7.910000000000000000e+02
7.720000000000000000e+02
8.650000000000000000e+02
8.100000000000000000e+02
8.170000000000000000e+02
7.880000000000000000e+02
8.080000000000000000e+02
8.590000000000000000e+02
8.320000000000000000e+02
7.920000000000000000e+02
7.930000000000000000e+02
7.590000000000000000e+02
7.970000000000000000e+02
7.760000000000000000e+02
7.930000000000000000e+02
7.940000000000000000e+02
8.290000000000000000e+02
8.290000000000000000e+02
8.230000000000000000e+02
8.130000000000000000e+02
7.740000000000000000e+02
8.390000000000000000e+02
7.980000000000000000e+02
8.270000000000000000e+02
8.000000000000000000e+02
8.610000000000000000e+02
8.160000000000000000e+02
8.120000000000000000e+02
8.370000000000000000e+02
8.170000000000000000e+02
8.340000000000000000e+02
7.740000000000000000e+02
8.480000000000000000e+02
8.170000000000000000e+02
7.990000000000000000e+02
8.220000000000000000e+02
8.180000000000000000e+02
7.940000000000000000e+02
8.350000000000000000e+02
7.630000000000000000e+02
8.480000000000000000e+02
7.860000000000000000e+02
8.020000000000000000e+02
7.870000000000000000e+02
8.540000000000000000e+02
8.050000000000000000e+02
8.500000000000000000e+02
7.710000000000000000e+02
8.370000000000000000e+02
7.750000000000000000e+02
8.210000000000000000e+02
8.160000000000000000e+02
8.060000000000000000e+02
8.410000000000000000e+02
8.110000000000000000e+02
8.320000000000000000e+02
8.080000000000000000e+02
8.590000000000000000e+02
8.000000000000000000e+02
8.380000000000000000e+02
7.490000000000000000e+02
8.300000000000000000e+02
8.470000000000000000e+02
8.260000000000000000e+02
8.170000000000000000e+02
7.640000000000000000e+02
8.100000000000000000e+02
8.210000000000000000e+02
7.840000000000000000e+02
8.110000000000000000e+02
8.280000000000000000e+02
8.190000000000000000e+02
7.680000000000000000e+02
8.200000000000000000e+02
7.760000000000000000e+02
8.000000000000000000e+02
8.320000000000000000e+02
7.790000000000000000e+02
7.800000000000000000e+02
7.880000000000000000e+02
7.830000000000000000e+02
8.320000000000000000e+02
8.480000000000000000e+02
8.300000000000000000e+02
8.220000000000000000e+02
8.530000000000000000e+02
8.030000000000000000e+02
7.970000000000000000e+02
8.130000000000000000e+02
8.130000000000000000e+02
7.830000000000000000e+02
7.950000000000000000e+02
7.990000000000000000e+02
7.920000000000000000e+02
8.050000000000000000e+02
7.880000000000000000e+02
7.750000000000000000e+02
7.980000000000000000e+02
8.220000000000000000e+02
8.650000000000000000e+02
7.980000000000000000e+02
7.500000000000000000e+02
8.320000000000000000e+02
8.310000000000000000e+02
7.820000000000000000e+02
7.840000000000000000e+02
8.330000000000000000e+02
8.120000000000000000e+02
7.690000000000000000e+02
8.140000000000000000e+02
8.480000000000000000e+02
7.870000000000000000e+02
8.460000000000000000e+02
8.070000000000000000e+02
7.500000000000000000e+02
7.890000000000000000e+02
8.200000000000000000e+02
8.300000000000000000e+02
8.430000000000000000e+02
7.940000000000000000e+02
8.010000000000000000e+02
8.230000000000000000e+02
7.940000000000000000e+02
8.240000000000000000e+02
8.310000000000000000e+02
8.130000000000000000e+02
8.000000000000000000e+02
8.520000000000000000e+02
8.020000000000000000e+02
7.640000000000000000e+02
8.240000000000000000e+02
8.140000000000000000e+02
8.040000000000000000e+02
8.040000000000000000e+02
8.550000000000000000e+02
8.100000000000000000e+02
8.070000000000000000e+02
8.370000000000000000e+02
8.270000000000000000e+02
7.530000000000000000e+02
7.670000000000000000e+02
7.840000000000000000e+02
8.070000000000000000e+02
8.020000000000000000e+02
8.490000000000000000e+02
8.070000000000000000e+02
8.650000000000000000e+02
8.160000000000000000e+02
8.250000000000000000e+02
9.220000000000000000e+02
8.320000000000000000e+02
8.230000000000000000e+02
7.800000000000000000e+02
7.960000000000000000e+02
8.060000000000000000e+02
8.750000000000000000e+02
8.050000000000000000e+02
8.200000000000000000e+02
8.090000000000000000e+02
7.880000000000000000e+02
7.860000000000000000e+02
8.260000000000000000e+02
8.170000000000000000e+02
7.560000000000000000e+02
8.210000000000000000e+02
7.780000000000000000e+02
8.390000000000000000e+02
8.240000000000000000e+02
8.120000000000000000e+02
8.280000000000000000e+02
8.350000000000000000e+02
7.770000000000000000e+02
8.710000000000000000e+02
8.040000000000000000e+02
9.030000000000000000e+02
7.990000000000000000e+02
7.920000000000000000e+02
8.340000000000000000e+02
8.330000000000000000e+02
8.140000000000000000e+02
8.060000000000000000e+02
7.880000000000000000e+02
8.030000000000000000e+02
8.130000000000000000e+02
7.790000000000000000e+02
8.270000000000000000e+02
7.920000000000000000e+02
8.480000000000000000e+02
8.330000000000000000e+02
8.260000000000000000e+02
7.760000000000000000e+02
7.950000000000000000e+02
8.680000000000000000e+02
8.390000000000000000e+02
8.260000000000000000e+02
8.290000000000000000e+02
8.240000000000000000e+02
8.270000000000000000e+02
7.780000000000000000e+02
7.960000000000000000e+02
7.980000000000000000e+02
8.020000000000000000e+02
7.710000000000000000e+02
8.220000000000000000e+02
8.190000000000000000e+02
8.280000000000000000e+02
8.720000000000000000e+02
8.220000000000000000e+02
8.010000000000000000e+02
7.850000000000000000e+02
7.670000000000000000e+02
7.560000000000000000e+02
8.040000000000000000e+02
8.260000000000000000e+02
8.380000000000000000e+02
7.890000000000000000e+02
7.820000000000000000e+02
8.360000000000000000e+02
8.230000000000000000e+02
8.110000000000000000e+02
8.360000000000000000e+02
8.270000000000000000e+02
8.400000000000000000e+02
8.470000000000000000e+02
8.540000000000000000e+02
8.040000000000000000e+02
8.150000000000000000e+02
8.040000000000000000e+02
8.120000000000000000e+02
7.880000000000000000e+02
7.620000000000000000e+02
8.000000000000000000e+02
8.280000000000000000e+02
8.150000000000000000e+02
8.180000000000000000e+02
8.320000000000000000e+02
7.780000000000000000e+02
8.360000000000000000e+02
8.060000000000000000e+02
8.020000000000000000e+02
7.680000000000000000e+02
7.570000000000000000e+02
7.780000000000000000e+02
8.210000000000000000e+02
8.570000000000000000e+02
8.160000000000000000e+02
8.730000000000000000e+02
8.250000000000000000e+02
8.050000000000000000e+02
8.280000000000000000e+02
7.700000000000000000e+02
8.070000000000000000e+02
8.420000000000000000e+02
7.540000000000000000e+02
8.410000000000000000e+02
7.890000000000000000e+02
8.230000000000000000e+02
7.970000000000000000e+02
8.290000000000000000e+02
7.880000000000000000e+02
8.020000000000000000e+02
8.080000000000000000e+02
8.300000000000000000e+02
7.640000000000000000e+02
8.080000000000000000e+02
8.610000000000000000e+02
8.010000000000000000e+02
7.960000000000000000e+02
8.590000000000000000e+02
7.970000000000000000e+02
8.230000000000000000e+02
8.540000000000000000e+02
7.910000000000000000e+02
8.220000000000000000e+02
7.620000000000000000e+02
8.120000000000000000e+02
8.030000000000000000e+02
8.290000000000000000e+02
8.440000000000000000e+02
8.340000000000000000e+02
8.070000000000000000e+02
8.580000000000000000e+02
8.080000000000000000e+02
8.260000000000000000e+02
7.960000000000000000e+02
8.720000000000000000e+02
8.260000000000000000e+02
8.410000000000000000e+02
8.130000000000000000e+02
7.630000000000000000e+02
8.160000000000000000e+02
7.720000000000000000e+02
8.340000000000000000e+02
8.800000000000000000e+02
8.080000000000000000e+02
8.240000000000000000e+02
8.220000000000000000e+02
8.360000000000000000e+02
7.700000000000000000e+02
8.260000000000000000e+02
8.220000000000000000e+02
8.370000000000000000e+02
8.380000000000000000e+02
8.080000000000000000e+02
8.380000000000000000e+02
8.060000000000000000e+02
8.270000000000000000e+02
8.220000000000000000e+02
8.280000000000000000e+02
8.270000000000000000e+02
8.180000000000000000e+02
8.440000000000000000e+02
8.250000000000000000e+02
8.380000000000000000e+02
7.900000000000000000e+02
8.290000000000000000e+02
7.780000000000000000e+02
8.230000000000000000e+02
8.150000000000000000e+02
8.540000000000000000e+02
7.600000000000000000e+02
8.100000000000000000e+02
8.170000000000000000e+02
7.940000000000000000e+02
8.170000000000000000e+02
8.600000000000000000e+02
7.800000000000000000e+02
8.530000000000000000e+02
7.990000000000000000e+02
8.250000000000000000e+02
7.970000000000000000e+02
8.530000000000000000e+02
8.070000000000000000e+02
8.330000000000000000e+02
8.560000000000000000e+02
7.630000000000000000e+02
8.120000000000000000e+02
8.250000000000000000e+02
8.170000000000000000e+02
8.380000000000000000e+02
8.200000000000000000e+02
7.600000000000000000e+02
8.100000000000000000e+02
8.600000000000000000e+02
8.600000000000000000e+02
8.320000000000000000e+02
8.610000000000000000e+02
8.450000000000000000e+02
7.880000000000000000e+02
7.710000000000000000e+02
7.020000000000000000e+02
8.000000000000000000e+02
8.010000000000000000e+02
8.110000000000000000e+02
7.780000000000000000e+02
7.960000000000000000e+02
8.470000000000000000e+02
8.640000000000000000e+02
8.140000000000000000e+02
8.060000000000000000e+02
8.510000000000000000e+02
7.840000000000000000e+02
7.920000000000000000e+02
8.040000000000000000e+02
7.560000000000000000e+02
7.420000000000000000e+02
8.260000000000000000e+02
8.610000000000000000e+02
8.130000000000000000e+02
8.120000000000000000e+02
8.110000000000000000e+02
8.130000000000000000e+02
8.360000000000000000e+02
8.470000000000000000e+02
7.740000000000000000e+02
9.110000000000000000e+02
8.100000000000000000e+02
8.180000000000000000e+02
7.520000000000000000e+02
7.990000000000000000e+02
8.250000000000000000e+02
8.220000000000000000e+02
8.320000000000000000e+02
8.120000000000000000e+02
7.990000000000000000e+02
7.880000000000000000e+02
8.140000000000000000e+02
8.410000000000000000e+02
8.380000000000000000e+02
7.870000000000000000e+02
8.280000000000000000e+02
7.730000000000000000e+02
7.720000000000000000e+02
7.710000000000000000e+02
8.660000000000000000e+02
8.020000000000000000e+02
8.130000000000000000e+02
8.360000000000000000e+02
8.240000000000000000e+02
8.040000000000000000e+02
7.970000000000000000e+02
8.450000000000000000e+02
8.040000000000000000e+02
7.820000000000000000e+02
7.760000000000000000e+02
7.670000000000000000e+02
8.450000000000000000e+02
8.340000000000000000e+02
8.310000000000000000e+02
8.150000000000000000e+02
8.500000000000000000e+02
8.450000000000000000e+02
8.490000000000000000e+02
8.180000000000000000e+02
8.010000000000000000e+02
7.610000000000000000e+02
7.830000000000000000e+02
8.290000000000000000e+02
7.710000000000000000e+02
7.930000000000000000e+02
8.140000000000000000e+02
8.260000000000000000e+02
8.400000000000000000e+02
7.900000000000000000e+02
8.070000000000000000e+02
8.130000000000000000e+02
8.560000000000000000e+02
8.440000000000000000e+02
8.070000000000000000e+02
8.110000000000000000e+02
8.560000000000000000e+02
7.960000000000000000e+02
7.800000000000000000e+02
8.250000000000000000e+02
8.080000000000000000e+02
8.490000000000000000e+02
8.120000000000000000e+02
8.130000000000000000e+02
8.170000000000000000e+02
7.750000000000000000e+02
7.900000000000000000e+02
7.820000000000000000e+02
8.210000000000000000e+02
8.300000000000000000e+02
8.860000000000000000e+02
7.810000000000000000e+02
8.080000000000000000e+02
7.880000000000000000e+02
8.050000000000000000e+02
8.200000000000000000e+02
8.300000000000000000e+02
7.950000000000000000e+02
7.680000000000000000e+02
7.870000000000000000e+02
8.250000000000000000e+02
8.080000000000000000e+02
8.410000000000000000e+02
8.410000000000000000e+02
7.750000000000000000e+02
7.570000000000000000e+02
8.500000000000000000e+02
8.710000000000000000e+02
8.740000000000000000e+02
7.940000000000000000e+02
7.800000000000000000e+02
8.330000000000000000e+02
8.310000000000000000e+02
7.970000000000000000e+02
8.050000000000000000e+02
8.150000000000000000e+02
8.240000000000000000e+02
8.270000000000000000e+02
8.330000000000000000e+02
7.980000000000000000e+02
8.170000000000000000e+02
8.800000000000000000e+02
8.420000000000000000e+02
8.620000000000000000e+02
7.860000000000000000e+02
8.460000000000000000e+02
8.040000000000000000e+02
8.420000000000000000e+02
8.520000000000000000e+02
8.050000000000000000e+02
7.790000000000000000e+02
8.250000000000000000e+02
7.780000000000000000e+02
7.630000000000000000e+02
7.740000000000000000e+02
8.220000000000000000e+02
8.300000000000000000e+02
8.040000000000000000e+02
8.030000000000000000e+02
7.970000000000000000e+02
8.290000000000000000e+02
8.610000000000000000e+02
8.390000000000000000e+02
8.050000000000000000e+02
8.500000000000000000e+02
8.090000000000000000e+02
8.530000000000000000e+02
8.260000000000000000e+02
7.990000000000000000e+02
8.500000000000000000e+02
8.080000000000000000e+02
8.290000000000000000e+02
8.330000000000000000e+02
8.300000000000000000e+02
8.270000000000000000e+02
8.000000000000000000e+02
8.430000000000000000e+02
7.760000000000000000e+02
7.690000000000000000e+02
8.130000000000000000e+02
8.670000000000000000e+02
8.130000000000000000e+02
8.000000000000000000e+02
8.330000000000000000e+02
8.290000000000000000e+02
8.330000000000000000e+02
8.260000000000000000e+02
8.450000000000000000e+02
8.420000000000000000e+02
8.230000000000000000e+02
8.070000000000000000e+02
8.330000000000000000e+02
7.820000000000000000e+02
8.580000000000000000e+02
8.470000000000000000e+02
8.350000000000000000e+02
8.350000000000000000e+02
7.940000000000000000e+02
8.380000000000000000e+02
8.600000000000000000e+02
7.890000000000000000e+02
8.160000000000000000e+02
8.160000000000000000e+02
8.190000000000000000e+02
8.310000000000000000e+02
8.800000000000000000e+02
8.360000000000000000e+02
8.540000000000000000e+02
8.340000000000000000e+02
7.970000000000000000e+02
8.110000000000000000e+02
8.030000000000000000e+02
7.720000000000000000e+02
7.830000000000000000e+02
8.080000000000000000e+02
8.330000000000000000e+02
7.940000000000000000e+02
8.520000000000000000e+02
7.910000000000000000e+02
8.080000000000000000e+02
8.250000000000000000e+02
7.960000000000000000e+02
8.320000000000000000e+02
8.030000000000000000e+02
8.440000000000000000e+02
7.710000000000000000e+02
8.430000000000000000e+02
8.360000000000000000e+02
8.410000000000000000e+02
8.030000000000000000e+02
8.540000000000000000e+02
7.890000000000000000e+02
8.450000000000000000e+02
8.120000000000000000e+02
8.240000000000000000e+02
8.490000000000000000e+02
7.920000000000000000e+02
8.460000000000000000e+02
8.180000000000000000e+02
8.550000000000000000e+02
8.090000000000000000e+02
7.940000000000000000e+02
7.890000000000000000e+02
8.530000000000000000e+02
8.000000000000000000e+02
8.550000000000000000e+02
8.460000000000000000e+02
8.190000000000000000e+02
8.500000000000000000e+02
8.050000000000000000e+02
7.920000000000000000e+02
8.590000000000000000e+02
8.300000000000000000e+02
8.540000000000000000e+02
8.230000000000000000e+02
8.360000000000000000e+02
7.920000000000000000e+02
7.850000000000000000e+02
8.150000000000000000e+02
8.800000000000000000e+02
7.880000000000000000e+02
7.830000000000000000e+02
7.840000000000000000e+02
7.870000000000000000e+02
8.230000000000000000e+02
8.650000000000000000e+02
8.550000000000000000e+02
7.770000000000000000e+02
8.200000000000000000e+02
8.440000000000000000e+02
8.240000000000000000e+02
8.040000000000000000e+02
8.660000000000000000e+02
8.540000000000000000e+02
8.560000000000000000e+02
8.260000000000000000e+02
8.130000000000000000e+02
8.390000000000000000e+02
7.920000000000000000e+02
8.260000000000000000e+02
8.190000000000000000e+02
8.100000000000000000e+02
7.740000000000000000e+02
8.670000000000000000e+02
8.240000000000000000e+02
7.700000000000000000e+02
8.180000000000000000e+02
8.460000000000000000e+02
7.750000000000000000e+02
8.020000000000000000e+02
8.030000000000000000e+02
7.970000000000000000e+02
8.300000000000000000e+02
8.670000000000000000e+02
7.980000000000000000e+02
8.210000000000000000e+02
7.850000000000000000e+02
8.170000000000000000e+02
8.180000000000000000e+02
8.270000000000000000e+02
8.310000000000000000e+02
8.570000000000000000e+02
7.870000000000000000e+02
7.880000000000000000e+02
8.090000000000000000e+02
8.180000000000000000e+02
7.630000000000000000e+02
8.290000000000000000e+02
8.840000000000000000e+02
8.110000000000000000e+02
8.180000000000000000e+02
7.820000000000000000e+02
8.660000000000000000e+02
7.900000000000000000e+02
7.790000000000000000e+02
8.050000000000000000e+02
8.210000000000000000e+02
8.470000000000000000e+02
8.330000000000000000e+02
7.780000000000000000e+02
8.270000000000000000e+02
8.370000000000000000e+02
8.180000000000000000e+02
8.310000000000000000e+02
7.920000000000000000e+02
8.410000000000000000e+02
8.560000000000000000e+02
8.370000000000000000e+02
7.620000000000000000e+02
8.440000000000000000e+02
7.990000000000000000e+02
8.010000000000000000e+02
7.670000000000000000e+02
7.970000000000000000e+02
8.210000000000000000e+02
8.170000000000000000e+02
8.160000000000000000e+02
8.310000000000000000e+02
7.980000000000000000e+02
7.610000000000000000e+02
8.420000000000000000e+02
8.450000000000000000e+02
8.230000000000000000e+02
7.620000000000000000e+02
8.030000000000000000e+02
7.710000000000000000e+02
8.110000000000000000e+02
8.530000000000000000e+02
8.060000000000000000e+02
8.550000000000000000e+02
8.480000000000000000e+02
8.360000000000000000e+02
8.180000000000000000e+02
8.340000000000000000e+02
8.570000000000000000e+02
8.130000000000000000e+02
7.940000000000000000e+02
8.310000000000000000e+02
7.900000000000000000e+02
8.400000000000000000e+02
8.300000000000000000e+02
8.320000000000000000e+02
8.360000000000000000e+02
8.050000000000000000e+02
8.220000000000000000e+02
7.960000000000000000e+02
7.760000000000000000e+02
8.380000000000000000e+02
8.480000000000000000e+02
7.930000000000000000e+02
8.360000000000000000e+02
8.070000000000000000e+02
7.990000000000000000e+02
8.140000000000000000e+02
8.340000000000000000e+02
8.020000000000000000e+02
8.740000000000000000e+02
8.180000000000000000e+02
7.900000000000000000e+02
7.800000000000000000e+02
8.430000000000000000e+02
7.920000000000000000e+02
8.050000000000000000e+02
8.130000000000000000e+02
8.070000000000000000e+02
8.130000000000000000e+02
8.380000000000000000e+02
8.340000000000000000e+02
7.790000000000000000e+02
8.170000000000000000e+02
8.350000000000000000e+02
8.100000000000000000e+02
7.670000000000000000e+02
8.380000000000000000e+02
8.340000000000000000e+02
8.280000000000000000e+02
8.490000000000000000e+02
8.110000000000000000e+02
8.350000000000000000e+02
8.130000000000000000e+02
8.470000000000000000e+02
7.780000000000000000e+02
7.840000000000000000e+02
7.980000000000000000e+02
7.500000000000000000e+02
7.850000000000000000e+02
7.600000000000000000e+02
8.300000000000000000e+02
7.650000000000000000e+02
8.480000000000000000e+02
8.320000000000000000e+02
8.370000000000000000e+02
8.510000000000000000e+02
7.900000000000000000e+02
8.310000000000000000e+02
7.910000000000000000e+02
7.960000000000000000e+02
8.210000000000000000e+02
9.120000000000000000e+02
8.390000000000000000e+02
8.010000000000000000e+02
8.020000000000000000e+02
7.670000000000000000e+02
8.280000000000000000e+02
8.310000000000000000e+02
8.770000000000000000e+02
7.900000000000000000e+02
8.640000000000000000e+02
8.620000000000000000e+02
8.480000000000000000e+02
8.220000000000000000e+02
8.470000000000000000e+02
8.580000000000000000e+02
7.570000000000000000e+02
7.680000000000000000e+02
7.750000000000000000e+02
7.870000000000000000e+02
8.510000000000000000e+02
7.950000000000000000e+02
8.250000000000000000e+02
8.220000000000000000e+02
8.000000000000000000e+02
7.990000000000000000e+02
8.480000000000000000e+02
8.400000000000000000e+02
7.890000000000000000e+02
7.970000000000000000e+02
8.140000000000000000e+02
7.970000000000000000e+02
8.190000000000000000e+02
8.470000000000000000e+02
8.090000000000000000e+02
8.080000000000000000e+02
7.840000000000000000e+02
7.670000000000000000e+02
8.090000000000000000e+02
8.110000000000000000e+02
8.450000000000000000e+02
8.960000000000000000e+02
8.410000000000000000e+02
8.050000000000000000e+02
8.120000000000000000e+02
8.450000000000000000e+02
7.560000000000000000e+02
8.580000000000000000e+02
8.180000000000000000e+02
8.030000000000000000e+02
8.610000000000000000e+02
7.610000000000000000e+02
8.440000000000000000e+02
7.930000000000000000e+02
8.380000000000000000e+02
8.140000000000000000e+02
8.300000000000000000e+02
7.980000000000000000e+02
8.170000000000000000e+02
8.850000000000000000e+02
8.170000000000000000e+02
8.150000000000000000e+02
8.100000000000000000e+02
8.150000000000000000e+02
8.060000000000000000e+02
7.770000000000000000e+02
8.290000000000000000e+02
8.170000000000000000e+02
8.200000000000000000e+02
8.280000000000000000e+02
8.380000000000000000e+02
8.370000000000000000e+02
7.870000000000000000e+02
8.320000000000000000e+02
8.440000000000000000e+02
7.900000000000000000e+02
7.080000000000000000e+02
7.970000000000000000e+02
8.240000000000000000e+02
8.160000000000000000e+02
8.400000000000000000e+02
8.580000000000000000e+02
7.860000000000000000e+02
8.610000000000000000e+02
8.110000000000000000e+02
8.050000000000000000e+02
8.330000000000000000e+02
8.220000000000000000e+02
8.080000000000000000e+02
8.040000000000000000e+02
7.790000000000000000e+02
7.870000000000000000e+02
8.230000000000000000e+02
7.990000000000000000e+02
8.750000000000000000e+02
8.230000000000000000e+02
8.240000000000000000e+02
8.320000000000000000e+02
8.210000000000000000e+02
8.150000000000000000e+02
8.200000000000000000e+02
8.140000000000000000e+02
8.150000000000000000e+02
8.170000000000000000e+02
8.310000000000000000e+02
8.610000000000000000e+02
7.790000000000000000e+02
8.180000000000000000e+02
8.680000000000000000e+02
8.370000000000000000e+02
8.070000000000000000e+02
7.510000000000000000e+02
8.320000000000000000e+02
7.890000000000000000e+02
7.880000000000000000e+02
7.650000000000000000e+02
8.170000000000000000e+02
7.860000000000000000e+02
8.630000000000000000e+02
8.250000000000000000e+02
8.190000000000000000e+02
7.900000000000000000e+02
7.930000000000000000e+02
8.000000000000000000e+02
7.490000000000000000e+02
7.910000000000000000e+02
8.000000000000000000e+02
8.110000000000000000e+02
8.440000000000000000e+02
8.270000000000000000e+02
8.640000000000000000e+02
7.980000000000000000e+02
7.890000000000000000e+02
8.170000000000000000e+02
8.040000000000000000e+02
7.980000000000000000e+02
8.050000000000000000e+02
7.850000000000000000e+02
7.820000000000000000e+02
8.400000000000000000e+02
8.300000000000000000e+02
7.900000000000000000e+02
8.020000000000000000e+02
7.820000000000000000e+02
8.040000000000000000e+02
8.280000000000000000e+02
8.020000000000000000e+02
8.170000000000000000e+02
7.590000000000000000e+02
7.840000000000000000e+02
8.260000000000000000e+02
8.400000000000000000e+02
8.200000000000000000e+02
8.140000000000000000e+02
8.220000000000000000e+02
7.630000000000000000e+02
8.450000000000000000e+02
8.050000000000000000e+02
7.900000000000000000e+02
7.950000000000000000e+02
8.340000000000000000e+02
7.840000000000000000e+02
8.650000000000000000e+02
8.040000000000000000e+02
0.000000000000000000e+00
0.000000000000000000e+00
0.000000000000000000e+00
0.000000000000000000e+00
0.000000000000000000e+00
0.000000000000000000e+00
0.000000000000000000e+00
0.000000000000000000e+00
0.000000000000000000e+00
0.000000000000000000e+00
0.000000000000000000e+00
0.000000000000000000e+00
0.000000000000000000e+00
0.000000000000000000e+00
0.000000000000000000e+00
0.000000000000000000e+00
0.000000000000000000e+00
0.000000000000000000e+00
0.000000000000000000e+00
0.000000000000000000e+00
0.000000000000000000e+00
0.000000000000000000e+00
0.000000000000000000e+00
0.000000000000000000e+00
0.000000000000000000e+00
0.000000000000000000e+00
0.000000000000000000e+00
0.000000000000000000e+00
0.000000000000000000e+00
0.000000000000000000e+00
0.000000000000000000e+00
0.000000000000000000e+00
0.000000000000000000e+00
0.000000000000000000e+00
0.000000000000000000e+00
0.000000000000000000e+00
0.000000000000000000e+00
0.000000000000000000e+00
0.000000000000000000e+00
0.000000000000000000e+00
0.000000000000000000e+00
0.000000000000000000e+00
0.000000000000000000e+00
0.000000000000000000e+00
0.000000000000000000e+00
0.000000000000000000e+00
0.000000000000000000e+00
0.000000000000000000e+00
0.000000000000000000e+00
0.000000000000000000e+00
0.000000000000000000e+00
0.000000000000000000e+00
0.000000000000000000e+00
0.000000000000000000e+00
0.000000000000000000e+00
0.000000000000000000e+00
